[[1, 1, 1, 2, 2, 1, 2, 0, 1, 1], [1, 1, 1, 2, 0, 1, 0, 1, 1, 1], [1, 1, 1, 0, 1, 0, 0, 0, 0, 0], [2, 2, 0, 1, 0, 1, 1, 2, 1, 1], [2, 0, 1, 0, 1, 1, 1, 1, 2, 1], [1, 1, 0, 1, 1, 1, 0, 0, 0, 0], [2, 0, 0, 1, 1, 0, 1, 0, 0, 0], [0, 1, 0, 2, 1, 0, 0, 1, 0, 0], [1, 1, 0, 1, 2, 0, 0, 0, 1, 0], [1, 1, 0, 1, 1, 0, 0, 0, 0, 1]]
Theta: 5.9999998718963115
Alpha: 2
Theta/Alpha: 2.9999999359481557
Fitness: 2.8630843299261297
---------------------------------------
[[1, 1, 1, 2, 2, 1, 2, 0, 1, 1], [1, 1, 1, 2, 0, 1, 0, 1, 1, 1], [1, 1, 1, 0, 1, 0, 0, 0, 0, 0], [2, 2, 0, 1, 0, 1, 1, 2, 1, 1], [2, 0, 1, 0, 1, 1, 1, 1, 2, 1], [1, 1, 0, 1, 1, 1, 0, 0, 0, 0], [2, 0, 0, 1, 1, 0, 1, 0, 0, 0], [0, 1, 0, 2, 1, 0, 0, 1, 0, 0], [1, 1, 0, 1, 2, 0, 0, 0, 1, 0], [1, 1, 0, 1, 1, 0, 0, 0, 0, 1]]
Theta: 5.9999998718963115
Alpha: 2
Theta/Alpha: 2.9999999359481557
Fitness: 2.8630843299261297
---------------------------------------
[[1, 1, 1, 2, 2, 1, 2, 0, 1, 1], [1, 1, 1, 2, 0, 1, 0, 1, 1, 1], [1, 1, 1, 0, 1, 0, 0, 0, 0, 0], [2, 2, 0, 1, 0, 1, 1, 2, 1, 1], [2, 0, 1, 0, 1, 1, 1, 1, 2, 1], [1, 1, 0, 1, 1, 1, 0, 0, 0, 0], [2, 0, 0, 1, 1, 0, 1, 0, 0, 0], [0, 1, 0, 2, 1, 0, 0, 1, 0, 0], [1, 1, 0, 1, 2, 0, 0, 0, 1, 0], [1, 1, 0, 1, 1, 0, 0, 0, 0, 1]]
Theta: 5.9999998718963115
Alpha: 2
Theta/Alpha: 2.9999999359481557
Fitness: 2.8630843299261297
---------------------------------------
[[1, 1, 1, 2, 2, 1, 2, 0, 1, 1], [1, 1, 1, 2, 0, 1, 0, 1, 1, 1], [1, 1, 1, 0, 1, 0, 0, 0, 0, 0], [2, 2, 0, 1, 0, 1, 1, 2, 1, 1], [2, 0, 1, 0, 1, 1, 1, 1, 2, 1], [1, 1, 0, 1, 1, 1, 0, 0, 0, 0], [2, 0, 0, 1, 1, 0, 1, 0, 0, 0], [0, 1, 0, 2, 1, 0, 0, 1, 0, 0], [1, 1, 0, 1, 2, 0, 0, 0, 1, 0], [1, 1, 0, 1, 1, 0, 0, 0, 0, 1]]
Theta: 5.9999998718963115
Alpha: 2
Theta/Alpha: 2.9999999359481557
Fitness: 2.8630843299261297
---------------------------------------
[[1, 1, 1, 2, 2, 1, 2, 0, 1, 1], [1, 1, 1, 2, 0, 1, 0, 1, 1, 1], [1, 1, 1, 0, 1, 0, 0, 0, 0, 0], [2, 2, 0, 1, 0, 1, 1, 2, 1, 1], [2, 0, 1, 0, 1, 1, 1, 1, 2, 1], [1, 1, 0, 1, 1, 1, 0, 0, 0, 0], [2, 0, 0, 1, 1, 0, 1, 0, 0, 0], [0, 1, 0, 2, 1, 0, 0, 1, 0, 0], [1, 1, 0, 1, 2, 0, 0, 0, 1, 0], [1, 1, 0, 1, 1, 0, 0, 0, 0, 1]]
Theta: 5.9999998718963115
Alpha: 2
Theta/Alpha: 2.9999999359481557
Fitness: 2.8630843299261297
---------------------------------------
